


force closure  

gearbox

1 ------------------------------------
[[ 0.77338285 -0.27010864 -0.11878111]
 [ 0.6546522  -0.27895764 -0.10379019]]

1
1

2-------------------------
[[ 0.67726458 -0.28674778 -0.10931969]
 [ 0.77853736 -0.22337617 -0.12062732]]

1
1

3--------------------------
[[ 0.67354104 -0.25489157 -0.13405442]
 [ 0.77139127 -0.18648094 -0.12199963]]
0.6
0.6

4---------------------------
[[ 0.60328152 -0.27620512 -0.11429396]
 [ 0.7227764  -0.26520824 -0.11450198]]
1
1

5------------------------------
[[ 0.72446198 -0.2688705  -0.11003792]
 [ 0.60709419 -0.28619094 -0.12806024]]
1
1










gravity 

gearbox

1-------------------------------------------
[[ 0.69973558 -0.22566207 -0.15996843]
 [ 0.61524939 -0.30861529 -0.14045312]]

 0.8
 0.8

 2-----------------------------------------
 [[ 0.58695525 -0.28249045 -0.11319794]
 [ 0.68839985 -0.21839722 -0.11217234]]

1
1


3------------------------------------------------
[[ 0.66283149 -0.24096079 -0.14593194]
 [ 0.56581253 -0.28826562 -0.09349557]]
0
0


4----------------------------------------------
[[ 0.55995267 -0.29241764 -0.10052521]
 [ 0.67644301 -0.27494612 -0.07761785]]

 1
 1


--------------------------------------------------------------------------------------------------------------

New test

force closure 


gearbox 

 1------------------------------------------
 [[ 0.59485862 -0.26616749 -0.09869819]
 [ 0.66028276 -0.16605917 -0.10859799]]


 1
 1

 2------------------------------------------
[[ 0.58454486 -0.26073637 -0.11413544]
 [ 0.68867562 -0.20254247 -0.12718363]]

1
1


3-------------------------------------------
[[ 0.65063035 -0.28587416 -0.12654507]
 [ 0.63225923 -0.16914976 -0.10561862]]

0
0

4------------------------------------------

[[ 0.68343454 -0.18582967 -0.08383316]
 [ 0.58128376 -0.24473718 -0.10608455]]
0
0

 5------------------------------------------

 [[ 0.67921649 -0.19325583 -0.13238226]
 [ 0.57160076 -0.23716408 -0.10253396]]
0
0


nozzle
-----------------------------------------------



1---------------------------------------------
[[ 0.64416208 -0.20514672 -0.15264801]
 [ 0.63546105 -0.32477407 -0.15633435]]

0
0


2------------------------------------------
[[ 0.63693282 -0.32332832 -0.14047624]
 [ 0.63846081 -0.20578038 -0.16456246]]
0
0


3--------------------------------------
[[ 0.6090377  -0.32697969 -0.17082946]
 [ 0.66301513 -0.22305404 -0.14463981]]
0
0


4------------------------------------
[[ 0.64504522 -0.20507449 -0.16263777]
 [ 0.6358553  -0.32388602 -0.14851808]]

0
0


5--------------------------------------
[[ 0.63624815 -0.32425824 -0.14785563]
 [ 0.64069544 -0.2061767  -0.16875946]]

0
0




pawn 



1-----------
[[ 0.6779678  -0.25959166 -0.0368278 ]
 [ 0.6161011  -0.17262425 -0.0916838 ]]
0
0

2-----------
[[ 0.64919486 -0.27952241 -0.10264311]
 [ 0.61052945 -0.17103218 -0.06895548]]
0
0

3------------
[[ 0.67977131 -0.17981346 -0.07071438]
 [ 0.60428601 -0.25891913 -0.12015386]]
1
1

4----------
[[ 0.58328914 -0.22146536 -0.09638848]
 [ 0.6837821  -0.24847665 -0.03662599]]
0
0

5------------
[[ 0.59820537 -0.17463584 -0.06870494]
 [ 0.66982716 -0.26845835 -0.09033029]]
0
0




gravity


gearbox

1---------------------------------------------

[[ 0.64327371 -0.23593059 -0.09360893]
 [ 0.5797668  -0.29062398 -0.17948969]]
0
0
2--------------------------------------------
[[ 0.56022939 -0.26786771 -0.09222148]
 [ 0.64044938 -0.22426268 -0.17008902]]
0
0

3------------------------------------------------

[[ 0.65817205 -0.23836114 -0.07328522]
 [ 0.57020382 -0.28657077 -0.13914433]]
0
0

4-----------------------------------------------

[[ 0.54087243 -0.27621614 -0.12519782]
 [ 0.64756365 -0.23298823 -0.09131078]]

 1
 1

 5-------------------------------------------------

 [[ 0.5545188  -0.29768773 -0.16409616]
 [ 0.6403035  -0.21390307 -0.16869135]]

1

1

nozzle

1---------------
[[ 0.63179001 -0.18508838 -0.17403198]
 [ 0.60977266 -0.29986139 -0.1467851 ]]
00
0


2--------------
[[ 0.62594382 -0.32113912 -0.17225579]
 [ 0.60071053 -0.20460805 -0.15869885]]

0
0

3--------------

[[ 0.61691037 -0.1830033  -0.16871661]
 [ 0.59334361 -0.30057017 -0.16395857]]
0
0

4--------------
[[ 0.59481892 -0.31095132 -0.14120773]
 [ 0.62115282 -0.19462765 -0.15444885]]

0
0


5--------------

[[ 0.60719831 -0.19285917 -0.17583211]
 [ 0.60836956 -0.31199382 -0.16149465]]
1
1


pawn


1-------
[[ 0.66342408 -0.2348143  -0.02545871]
 [ 0.64343486 -0.27992582 -0.13484509]]
0
0


2--------------
[[ 0.65304432 -0.24752831 -0.02437378]
 [ 0.68607557 -0.28562355 -0.13326679]]
 0
 0

3------------
[[ 0.63707792 -0.25824579 -0.14522141]
 [ 0.67581172 -0.26258808 -0.03172763]]
0
0


4-------------
[[ 0.66775931 -0.2104838  -0.07668229]
 [ 0.71661164 -0.2804594  -0.16104381]]
0
0


5------------
[[ 0.60046365 -0.25141792 -0.09949538]
 [ 0.6923586  -0.23157867 -0.02491842]]

0
0









force clousure


gearbox

1------------------------------------
[[ 0.60549982 -0.30636345 -0.12516672]
 [ 0.71029289 -0.24965899 -0.11091824]]

 1
 1

 2---------------------------------
[[ 0.7087219  -0.22369997 -0.15755738]
 [ 0.61031531 -0.29230066 -0.1607336 ]]
0
0


3----------------------------------------
[[ 0.71868959 -0.25325372 -0.1082346 ]
 [ 0.61942809 -0.32062784 -0.11104233]]
1
1

4-----------------------------------------

[[ 0.70772432 -0.24469362 -0.12044739]
 [ 0.60519252 -0.30556972 -0.1069815 ]]

 1
 1

 5--------------------------------------

 [[ 0.70380883 -0.22788303 -0.18506906]
 [ 0.62739919 -0.28876235 -0.11538926]]
0
0


nozzle 


1------------
[[ 0.61854404 -0.30828918 -0.16577821]
 [ 0.61966704 -0.18988318 -0.18523994]]

 0
 0

2--------------
[[ 0.62017452 -0.18914009 -0.17384021]
 [ 0.61848256 -0.30893007 -0.16694844]]
0
0

3----------------
[[ 0.61335064 -0.31722868 -0.17112269]
 [ 0.64333991 -0.20272384 -0.15139234]]
0
0

4---------------
[[ 0.62808113 -0.1883422  -0.14935828]
 [ 0.61799683 -0.30706713 -0.16359554]]
0
0


5--------------
[[ 0.61203435 -0.30983297 -0.16038904]
 [ 0.62083058 -0.19057099 -0.15042877]]

0
0

pawn 


1-------------
[[ 0.61411991 -0.08824888 -0.08403506]
 [ 0.72014555 -0.13867719 -0.05922479]]


2---------------
[[ 0.69157994 -0.0775961  -0.03783302]
 [ 0.66061644 -0.1587615  -0.12061851]]


3----------------
[[ 0.62986309 -0.15099494 -0.15232929]
 [ 0.72845694 -0.08259019 -0.15212047]]


4----------------
[[ 0.62101385 -0.07634507 -0.07946548]
 [ 0.69207881 -0.17019421 -0.10274878]]


5----------------
[[ 0.71034375 -0.07243301 -0.11655847]
 [ 0.62141908 -0.14625882 -0.08427605]]
